0000000000000000
0000000000000000
0000000000000000
0000000000000000
0000000000000000
0000000000000000
0000000000000000
0000000000000000
0000000000000000
0000000000000000
0000000000000000
0000000000000000
0000000000000000
0000000000000000
0000000000000000
0000000000000000
0000000000000000
0000000000000000
0000000000000000
0000000000000000
0000000000000000
0000000000000000
0000000000000000
0000000000101100
0000000010010001
0001100000010101
0000100000010111
0000100000000000
0001100000000001
0000100000010110
1100010000000000
0000100100010110
0000100000000000
0001100000000001
0001000000010110
0000100000010110
0000010000010111
0100100001000000
0010101100111000
0010110000011011
0000010000010101
0000010100010101
0000011000010101
0000011100000001
0100100111000000
0010101110011001
0100101011000000
0010101110011001
0000011100000010
0100100111000000
0010101110011001
0100101011000000
0010101110011001
0000011100000011
0100100111000000
0010101110011001
0100101011000000
0010101110011001
0000011100000100
0100100111000000
0010101110011001
0100101011000000
0010101110011001
0000011100000101
0100100111000000
0010101110011001
0100101011000000
0010101110011001
0000011100000110
0100100111000000
0010101110011001
0100101011000000
0010101110011001
0000011100000111
0100100111000000
0010101110011001
0100101011000000
0010101110011001
0000011100001000
0100100111000000
0010101110011001
0100101011000000
0010101110011001
0000011100001001
0100100111000000
0010101110011001
0100101011000000
0010101110011001
0000011100001010
0100100111000000
0010101110011001
0100101011000000
0010101110011001
0000011100001011
0100100111000000
0010101110011001
0100101011000000
0010101110011001
0000011100001100
0100100111000000
0010101110011001
0100101011000000
0010101110011001
0000011100001101
0100100111000000
0010101110011001
0100101011000000
0010101110011001
0000011100001110
0100100111000000
0010101110011001
0100101011000000
0010101110011001
0000011100001111
0100100111000000
0010101110011001
0100101011000000
0010101110011001
0000011100010000
0100100111000000
0010101110011001
0100101011000000
0010101110011001
0000011100010001
0100100111000000
0010101110011001
0100101011000000
0010101110011001
0000011100010010
0100100111000000
0010101110011001
0100101011000000
0010101110011001
0000011100010011
0100100111000000
0010101110011001
0100101011000000
0010101110011001
0000011100010100
0100100111000000
0010101110011001
0100101011000000
0010101110011001
0001100100000001
0001111000000001
0010110000111001
1100101100000000
